<html><head><title>Clustering</title></head><body><table border=1><tr><td>&nbsp;</td><td><b>263</b></td><td><b>269</b></td><td><b>271</b></td><td><b>277</b></td><td><b>281</b></td><td><b>283</b></td><td><b>289</b></td><td><b>293</b></td><td><b>299</b></td><td><b>307</b></td><td><b>311</b></td><td><b>313</b></td><td><b>317</b></td><td><b>319</b></td><td><b>323</b></td><td><b>331</b></td><td><b>337</b></td><td><b>341</b></td><td><b>347</b></td><td><b>349</b></td><td><b>353</b></td><td><b>359</b></td><td><b>361</b></td></tr><tr><td><b>263</b></td><td>1.000000</td><td>0.037115</td><td>0.043727</td><td>0.055957</td><td>0.091044</td><td>0.147817</td><td>0.046874</td><td>0.060785</td><td>0.125490</td><td>0.045760</td><td>0.000738</td><td>0.000486</td><td>0.000000</td><td>0.000000</td><td>0.000000</td><td>0.000000</td><td>0.022777</td><td>0.007542</td><td>0.007527</td><td>0.047729</td><td>0.000000</td><td>0.000000</td><td>0.008596</td></tr><tr><td><b>269</b></td><td>0.037115</td><td>1.000000</td><td>0.029472</td><td>0.028243</td><td>0.024398</td><td>0.075141</td><td>0.052387</td><td>0.053001</td><td>0.075062</td><td>0.074586</td><td>0.000488</td><td>0.000321</td><td>0.000000</td><td>0.000000</td><td>0.000000</td><td>0.000000</td><td>0.042114</td><td>0.016531</td><td>0.029224</td><td>0.047649</td><td>0.019176</td><td>0.007814</td><td>0.007357</td></tr><tr><td><b>271</b></td><td>0.043727</td><td>0.029472</td><td>1.000000</td><td>0.046389</td><td>0.143899</td><td>0.037488</td><td>0.039709</td><td>0.049723</td><td>0.037004</td><td>0.028899</td><td>0.005816</td><td>0.000937</td><td>0.003263</td><td>0.002914</td><td>0.000000</td><td>0.000000</td><td>0.036784</td><td>0.086003</td><td>0.021920</td><td>0.041411</td><td>0.062338</td><td>0.045555</td><td>0.060785</td></tr><tr><td><b>277</b></td><td>0.055957</td><td>0.028243</td><td>0.046389</td><td>1.000000</td><td>0.063249</td><td>0.070600</td><td>0.124498</td><td>0.110473</td><td>0.065198</td><td>0.035472</td><td>0.002330</td><td>0.000431</td><td>0.000000</td><td>0.000000</td><td>0.000000</td><td>0.000000</td><td>0.128735</td><td>0.061495</td><td>0.043758</td><td>0.029225</td><td>0.015887</td><td>0.013086</td><td>0.038665</td></tr><tr><td><b>281</b></td><td>0.091044</td><td>0.024398</td><td>0.143899</td><td>0.063249</td><td>1.000000</td><td>0.031033</td><td>0.043187</td><td>0.029639</td><td>0.135938</td><td>0.066553</td><td>0.000680</td><td>0.000448</td><td>0.000000</td><td>0.000000</td><td>0.000000</td><td>0.000000</td><td>0.040235</td><td>0.044054</td><td>0.043961</td><td>0.032800</td><td>0.000000</td><td>0.000000</td><td>0.050207</td></tr><tr><td><b>283</b></td><td>0.147817</td><td>0.075141</td><td>0.037488</td><td>0.070600</td><td>0.031033</td><td>1.000000</td><td>0.073866</td><td>0.081459</td><td>0.057638</td><td>0.033604</td><td>0.004713</td><td>0.005361</td><td>0.000000</td><td>0.000000</td><td>0.000000</td><td>0.000000</td><td>0.043987</td><td>0.050301</td><td>0.021217</td><td>0.008217</td><td>0.015050</td><td>0.022336</td><td>0.005742</td></tr><tr><td><b>289</b></td><td>0.046874</td><td>0.052387</td><td>0.039709</td><td>0.124498</td><td>0.043187</td><td>0.073866</td><td>1.000000</td><td>0.045226</td><td>0.093224</td><td>0.047960</td><td>0.003688</td><td>0.000683</td><td>0.000000</td><td>0.000000</td><td>0.000000</td><td>0.000000</td><td>0.091428</td><td>0.145041</td><td>0.082232</td><td>0.000000</td><td>0.000000</td><td>0.000000</td><td>0.000000</td></tr><tr><td><b>293</b></td><td>0.060785</td><td>0.053001</td><td>0.049723</td><td>0.110473</td><td>0.029639</td><td>0.081459</td><td>0.045226</td><td>1.000000</td><td>0.043068</td><td>0.038533</td><td>0.000712</td><td>0.005860</td><td>0.000000</td><td>0.000000</td><td>0.000000</td><td>0.000000</td><td>0.050439</td><td>0.003639</td><td>0.022195</td><td>0.003410</td><td>0.017258</td><td>0.025612</td><td>0.039564</td></tr><tr><td><b>299</b></td><td>0.125490</td><td>0.075062</td><td>0.037004</td><td>0.065198</td><td>0.135938</td><td>0.057638</td><td>0.093224</td><td>0.043068</td><td>1.000000</td><td>0.032422</td><td>0.000523</td><td>0.000344</td><td>0.024560</td><td>0.000000</td><td>0.000000</td><td>0.000000</td><td>0.044607</td><td>0.035196</td><td>0.017669</td><td>0.096237</td><td>0.036095</td><td>0.000000</td><td>0.007880</td></tr><tr><td><b>307</b></td><td>0.045760</td><td>0.074586</td><td>0.028899</td><td>0.035472</td><td>0.066553</td><td>0.033604</td><td>0.047960</td><td>0.038533</td><td>0.032422</td><td>1.000000</td><td>0.000755</td><td>0.000497</td><td>0.000000</td><td>0.000000</td><td>0.000000</td><td>0.000000</td><td>0.011652</td><td>0.003859</td><td>0.003850</td><td>0.045218</td><td>0.000000</td><td>0.000000</td><td>0.004398</td></tr><tr><td><b>311</b></td><td>0.000738</td><td>0.000488</td><td>0.005816</td><td>0.002330</td><td>0.000680</td><td>0.004713</td><td>0.003688</td><td>0.000712</td><td>0.000523</td><td>0.000755</td><td>1.000000</td><td>0.322417</td><td>0.111107</td><td>0.303568</td><td>0.120017</td><td>0.171722</td><td>0.004087</td><td>0.004472</td><td>0.002805</td><td>0.000000</td><td>0.013202</td><td>0.000000</td><td>0.017440</td></tr><tr><td><b>313</b></td><td>0.000486</td><td>0.000321</td><td>0.000937</td><td>0.000431</td><td>0.000448</td><td>0.005361</td><td>0.000683</td><td>0.005860</td><td>0.000344</td><td>0.000497</td><td>0.322417</td><td>1.000000</td><td>0.095631</td><td>0.234508</td><td>0.085676</td><td>0.166715</td><td>0.000414</td><td>0.003899</td><td>0.000000</td><td>0.000000</td><td>0.003864</td><td>0.000000</td><td>0.007352</td></tr><tr><td><b>317</b></td><td>0.000000</td><td>0.000000</td><td>0.003263</td><td>0.000000</td><td>0.000000</td><td>0.000000</td><td>0.000000</td><td>0.000000</td><td>0.024560</td><td>0.000000</td><td>0.111107</td><td>0.095631</td><td>1.000000</td><td>0.066077</td><td>0.050371</td><td>0.069731</td><td>0.002569</td><td>0.000000</td><td>0.000000</td><td>0.000000</td><td>0.000000</td><td>0.000000</td><td>0.002908</td></tr><tr><td><b>319</b></td><td>0.000000</td><td>0.000000</td><td>0.002914</td><td>0.000000</td><td>0.000000</td><td>0.000000</td><td>0.000000</td><td>0.000000</td><td>0.000000</td><td>0.000000</td><td>0.303568</td><td>0.234508</td><td>0.066077</td><td>1.000000</td><td>0.090242</td><td>0.137272</td><td>0.002294</td><td>0.000000</td><td>0.000000</td><td>0.000000</td><td>0.000000</td><td>0.000000</td><td>0.019953</td></tr><tr><td><b>323</b></td><td>0.000000</td><td>0.000000</td><td>0.000000</td><td>0.000000</td><td>0.000000</td><td>0.000000</td><td>0.000000</td><td>0.000000</td><td>0.000000</td><td>0.000000</td><td>0.120017</td><td>0.085676</td><td>0.050371</td><td>0.090242</td><td>1.000000</td><td>0.092848</td><td>0.000000</td><td>0.000000</td><td>0.000000</td><td>0.000000</td><td>0.000000</td><td>0.000000</td><td>0.000000</td></tr><tr><td><b>331</b></td><td>0.000000</td><td>0.000000</td><td>0.000000</td><td>0.000000</td><td>0.000000</td><td>0.000000</td><td>0.000000</td><td>0.000000</td><td>0.000000</td><td>0.000000</td><td>0.171722</td><td>0.166715</td><td>0.069731</td><td>0.137272</td><td>0.092848</td><td>1.000000</td><td>0.000000</td><td>0.000000</td><td>0.000000</td><td>0.000000</td><td>0.013049</td><td>0.000000</td><td>0.012664</td></tr><tr><td><b>337</b></td><td>0.022777</td><td>0.042114</td><td>0.036784</td><td>0.128735</td><td>0.040235</td><td>0.043987</td><td>0.091428</td><td>0.050439</td><td>0.044607</td><td>0.011652</td><td>0.004087</td><td>0.000414</td><td>0.002569</td><td>0.002294</td><td>0.000000</td><td>0.000000</td><td>1.000000</td><td>0.079566</td><td>0.030499</td><td>0.027206</td><td>0.011929</td><td>0.017705</td><td>0.045239</td></tr><tr><td><b>341</b></td><td>0.007542</td><td>0.016531</td><td>0.086003</td><td>0.061495</td><td>0.044054</td><td>0.050301</td><td>0.145041</td><td>0.003639</td><td>0.035196</td><td>0.003859</td><td>0.004472</td><td>0.003899</td><td>0.000000</td><td>0.000000</td><td>0.000000</td><td>0.000000</td><td>0.079566</td><td>1.000000</td><td>0.084142</td><td>0.006471</td><td>0.015002</td><td>0.000000</td><td>0.043402</td></tr><tr><td><b>347</b></td><td>0.007527</td><td>0.029224</td><td>0.021920</td><td>0.043758</td><td>0.043961</td><td>0.021217</td><td>0.082232</td><td>0.022195</td><td>0.017669</td><td>0.003850</td><td>0.002805</td><td>0.000000</td><td>0.000000</td><td>0.000000</td><td>0.000000</td><td>0.000000</td><td>0.030499</td><td>0.084142</td><td>1.000000</td><td>0.006457</td><td>0.014970</td><td>0.000000</td><td>0.019040</td></tr><tr><td><b>349</b></td><td>0.047729</td><td>0.047649</td><td>0.041411</td><td>0.029225</td><td>0.032800</td><td>0.008217</td><td>0.000000</td><td>0.003410</td><td>0.096237</td><td>0.045218</td><td>0.000000</td><td>0.000000</td><td>0.000000</td><td>0.000000</td><td>0.000000</td><td>0.000000</td><td>0.027206</td><td>0.006471</td><td>0.006457</td><td>1.000000</td><td>0.000000</td><td>0.026058</td><td>0.007375</td></tr><tr><td><b>353</b></td><td>0.000000</td><td>0.019176</td><td>0.062338</td><td>0.015887</td><td>0.000000</td><td>0.015050</td><td>0.000000</td><td>0.017258</td><td>0.036095</td><td>0.000000</td><td>0.013202</td><td>0.003864</td><td>0.000000</td><td>0.000000</td><td>0.000000</td><td>0.013049</td><td>0.011929</td><td>0.015002</td><td>0.014970</td><td>0.000000</td><td>1.000000</td><td>0.011463</td><td>0.034194</td></tr><tr><td><b>359</b></td><td>0.000000</td><td>0.007814</td><td>0.045555</td><td>0.013086</td><td>0.000000</td><td>0.022336</td><td>0.000000</td><td>0.025612</td><td>0.000000</td><td>0.000000</td><td>0.000000</td><td>0.000000</td><td>0.000000</td><td>0.000000</td><td>0.000000</td><td>0.000000</td><td>0.017705</td><td>0.000000</td><td>0.000000</td><td>0.026058</td><td>0.011463</td><td>1.000000</td><td>0.000000</td></tr><tr><td><b>361</b></td><td>0.008596</td><td>0.007357</td><td>0.060785</td><td>0.038665</td><td>0.050207</td><td>0.005742</td><td>0.000000</td><td>0.039564</td><td>0.007880</td><td>0.004398</td><td>0.017440</td><td>0.007352</td><td>0.002908</td><td>0.019953</td><td>0.000000</td><td>0.012664</td><td>0.045239</td><td>0.043402</td><td>0.019040</td><td>0.007375</td><td>0.034194</td><td>0.000000</td><td>1.000000</td></tr></table><table border=1><tr><td><b>25</b></td><td>263,269,271,277,281,283,289,293,299,307,337,341,347,349,361</td></tr><tr><td><b>26</b></td><td>311,313,317,319,323,331</td></tr><tr><td><b>27</b></td><td>353</td></tr><tr><td><b>28</b></td><td>359</td></tr></table><img src="clusters.png" /></body></html>